|-0,9051751026970811 -0,9276058397977841 1,7494030954236786 -7,617561171373834 1,3855319634876277 1,9829026732910455 1,8455002062139252 1,0772864498917454 -0,01503569324426534 -0,03007138648853068 -0,00751784662213267 -0,03007138648853068 -0,022553539866397986 0 0 0 0 0 0 0|
|-0,4745566745153191 -2,474556908969551 2,0015413946767895 -5,427931986017784 2,038080186599765 -1,40614967519441 1,0274149488313995 -0,6300246475633297 1,0997931755705808 -0,9004136503489548 1,0998965885303447 -0,9004136503489548 1,099689762610815 -0,8999999985098839 1,1000000014901161 -0,8999999985098839 1,1000000014901161 -0,8999999985098839 1,1000000014901161 -0,8999999985098839|
|-0,7577148633464444 -4,757714863346401 3,049599018634717 -1,6215724062066306 3,595085870992379 -1,8351085114462329 0,6302273984735789 -1,586391227250058 2,2028671603037444 -1,7942656823727243 2,2014335816419948 -1,7942656823727243 2,204300738965519 -1,7999999970197678 2,2000000029802322 -1,7999999970197678 2,2000000029802322 -1,7999999970197678 2,2000000029802322 -1,7999999970197678|
|3,358870652756324 -2,6414846971609007 3,3576444062642623 -2,596375643610935 3,2503085123902347 -2,7846063507900167 3,2593619504320563 -2,731091246838206 3,2492781518059126 -2,8014437083090877 3,2746390818634277 -2,8014437083090877 3,223917221748413 -2,699999988079071 3,300000011920929 -2,699999988079071 3,300000011920929 -2,699999988079071 3,300000011920929 -2,699999988079071|
|4,18913971225216 -3,8108600734870492 4,189200794339168 -4,051495353701413 4,445413412266665 -3,5285707467677896 4,427897024600264 -3,5653191357220213 4,465602845946362 -3,4687943140677655 4,4328014259534 -3,4687943140677655 4,498404265939294 -3,5999999940395355 4,4000000059604645 -3,5999999940395355 4,4000000059604645 -3,5999999940395355 4,4000000059604645 -3,5999999940395355|
|5,519083878985909 -4,480916205815556 5,519082587003052 -4,44793731544765 5,485323343074285 -4,528851039078855 5,48571887060544 -4,514244870792312 5,471723818457 -4,55655236308601 5,485861909228511 -4,55655236308601 5,457585727685508 -4,5 5,5 -4,5 5,5 -4,5 5,5 -4,5|
|6,559028975644751 -5,440971023338813 6,559029016744537 -5,494903765110076 6,613056757797707 -5,373988904086146 6,612971379719817 -5,387016048394887 6,625933861239291 -5,348132301363268 6,612966942540568 -5,348132301363268 6,6389007799379955 -5,399999976158142 6,600000023841858 -5,399999976158142 6,600000023841858 -5,399999976158142 6,600000023841858 -5,399999976158142|
|7,704746118493542 -6,295253881535306 7,704746117255046 -6,283146120495464 7,692627888639649 -6,314731713835071 7,69263856584487 -6,307362019628998 7,685279612316287 -6,329440763446512 7,692639800197688 -6,329440763446512 7,677919424434875 -6,300000011920929 7,699999988079071 -6,300000011920929 7,699999988079071 -6,300000011920929 7,699999988079071 -6,300000011920929|
|8,791405867467402 -7,208594132531962 8,791405867502275 -7,223002557824315 8,805815460255358 -7,18837078407601 8,805813993886067 -7,194185885230543 8,811627765053155 -7,176744481814592 8,805813888487057 -7,176744481814592 8,817441641619304 -7,199999988079071 8,800000011920929 -7,199999988079071 8,800000011920929 -7,199999988079071 8,800000011920929 -7,199999988079071|
|9,900360757036047 -8,099639242963969 9,900360757034887 -8,095718896128192 9,896440241187525 -8,107119277639613 9,896440488241456 -8,103559525938673 9,892880969748326 -8,11423809626613 9,896440502755542 -8,11423809626613 9,88932143674104 -8,099999964237213 9,900000035762787 -8,099999964237213 9,900000035762787 -8,099999964237213 9,900000035762787 -8,099999964237213|
!
|-2,4765643930997046 -0,7283446704178329 0,4175727639538342 0,373198774890688 0,39553160953949706 0,42816579542156785 0,4768731977789707 0,4761428856684327 0,48967295860353693 0,49039664801650146|
|0,7375899134248746 -1,3320829233702234 1,6901068997456687 -1,0454201631661226 0,9633975938595187 -0,99017301902645 1,0285835587578114 -0,9630995151170723 1,0430638130519687 -0,9545452421398094|
|3,1806575332273357 -4,084536796409189 4,268142890098303 -2,40536247313465 1,5669465926958346 -2,3738201015673965 1,6360454421766935 -2,356917681460319 1,6468848534594052 -2,351256514570189|
|3,2907220806751583 -5,053271326396055 3,670844168859042 -3,33503266355877 2,6138105710850192 -3,3185076818666697 2,6818783110202515 -3,310901862190539 2,6905236094080154 -3,30783894639796|
|4,745156219270776 -3,326167464077493 4,749547914407896 -3,5411930984199955 4,526344356832133 -3,6045924744477014 4,386153363702812 -3,6302553811736087 4,364865954784921 -3,638898609144704|
!
|2,9577661853364274 0,02157387822564528 2,678383510108331 2,717563317054672 -2,4084961553120166|
!
|-0,9051751026970811|
|-0,4745566745153191|
|-0,7577148633464444|
|3,358870652756324|
|4,18913971225216|
|5,519083878985909|
|6,559028975644751|
|7,704746118493542|
|8,791405867467402|
|9,900360757036047|
!
|0,8568648092388845|
|0,9854190778765571|
|2,4544201677027795|
|3,19118892954393|
|4,285062793140164|
!
|-0,08763955025654696|
!
